[
    {
        "kernel": [
            "poly"
        ],
        "gamma": [
            "scale",
            "auto",
            1.2e-06,
            1.44e-06,
            1.7279999999999996e-06,
            2.0736e-06,
            2.4883199999999992e-06,
            2.985983999999999e-06,
            3.583180799999999e-06,
            4.299816959999998e-06,
            5.159780351999998e-06,
            6.1917364223999975e-06,
            7.430083706879996e-06,
            8.916100448255996e-06,
            1.0699320537907195e-05,
            1.2839184645488632e-05,
            1.540702157458636e-05,
            1.848842588950363e-05,
            2.2186111067404352e-05,
            2.6623333280885226e-05,
            3.194799993706227e-05,
            3.8337599924474724e-05,
            4.600511990936967e-05,
            5.52061438912436e-05,
            6.62473726694923e-05,
            7.949684720339077e-05,
            9.539621664406893e-05,
            0.0001144754599728827,
            0.00013737055196745926,
            0.00016484466236095106,
            0.00019781359483314126,
            0.00023737631379976953,
            0.00028485157655972344,
            0.0003418218918716681,
            0.0004101862702460017,
            0.0004922235242952021,
            0.0005906682291542424,
            0.0007088018749850909,
            0.000850562249982109,
            0.0010206746999785307,
            0.001224809639974237,
            0.0014697715679690842,
            0.001763725881562901,
            0.002116471057875481,
            0.002539765269450577,
            0.0030477183233406924,
            0.0036572619880088308,
            0.0043887143856105966,
            0.005266457262732716,
            0.006319748715279259,
            0.007583698458335111,
            0.009100438150002133,
            0.01092052578000256,
            0.01310463093600307,
            0.015725557123203684,
            0.01887066854784442,
            0.0226448022574133,
            0.027173762708895963,
            0.03260851525067515,
            0.039130218300810184,
            0.04695626196097222,
            0.05634751435316666
        ],
        "degree": [
            5,
            15,
            25,
            35,
            45,
            55,
            1,
            3,
            5,
            7,
            9,
            11,
            13,
            15,
            17,
            19,
            21,
            23,
            25,
            27,
            29,
            31,
            33,
            35,
            37,
            39,
            41,
            43,
            45,
            47,
            49,
            51,
            53,
            55,
            57,
            59,
            61,
            63,
            65,
            67,
            69,
            71,
            73,
            75,
            77,
            79,
            81,
            83,
            85,
            87,
            89,
            91,
            93,
            95,
            97,
            100
        ],
        "C": [
            1,
            10,
            100,
            1000,
            2e-05,
            4e-05,
            8e-05,
            0.00016,
            0.00032,
            0.00064,
            0.00128,
            0.00256,
            0.00512,
            0.01024,
            0.02048,
            0.04096,
            0.08192,
            0.16384,
            0.32768,
            0.65536,
            1.31072,
            2.62144,
            5.24288,
            10.48576,
            20.97152,
            41.94304,
            83.88608,
            167.77216,
            335.54432,
            671.08864,
            1342.17728,
            2684.35456,
            5368.70912,
            10737.41824,
            21474.83648,
            42949.67296,
            85899.34592,
            171798.69184,
            343597.38368,
            687194.76736
        ],
        "coef0": [
            0.0
        ],
        "shrinking": [
            true
        ],
        "probability": [
            false
        ],
        "max_iter": [
            10000000
        ]
    }
]